0.3986215
0.4152807
0.4117970
0.4341625
0.4169380
0.4287082
0.4336879
0.4485964
0.4471574
0.4528301
0.4309202
0.4558871
0.4583520
0.4708090
0.4661807
0.4580849
0.4572814
0.4813806
0.4683436
0.4956628
0.5040982
0.4781972
0.4827242
0.5001233
0.5061229
0.5164136
0.4851936
0.5076884
0.4897618
0.4779781
0.4694037
0.4715789
0.4759657
0.4721159
0.4507291
0.4497040
0.4718558
0.4870898
0.4576158
0.4614251
0.4894141
0.4888977
0.4725974
0.4577656
0.4704804
0.4636963
0.4860688
0.4948426
0.4790728
0.4775677
0.4598764
0.4508153
0.4503595
0.4435636
0.4705394
0.4728934
0.4871642
0.4564174
0.4666674
0.4777807
0.4902187
0.4803396
0.4903268
0.5040840
0.4946517
0.4846054
0.4982625
0.4646718
0.4575675
0.4526796
0.4460857
0.4626746
0.4409013
0.4631367
0.4289663
0.4425858
0.4527607
0.4801524
0.4477994
0.4471887
0.4611629
0.4383876
0.4541188
0.4526507
0.4806941
0.4637867
0.4968068
0.4907007
0.4906221
0.4874935
0.4878990
0.4928482
0.4877451
0.4870613
0.4674351
0.4735718
0.4692277
0.4914020
0.4523912
0.4536961
0.4607197
0.4608231
0.4792284
0.5052896
0.4626897
0.4759811
0.5082377
0.5200931
0.4985720
0.5078969
0.5226962
0.5172497
0.5206716
0.4886964
0.4950421
0.4749356
0.4995781
0.5022488
0.5124030
0.5419879
0.5401069
0.5257320
0.5287344
0.5171284
0.5145055
0.5128228
0.5258417
0.5398666
0.5436815
0.5385041
0.5301147
0.5535388
0.5253027
0.5648890
0.5201754
0.5226775
0.5073802
0.5249421
0.4995612
0.5201646
0.5426219
0.5489140
0.5570536
0.5459997
